,SGHT,Rating Since
researchTeam,rating-box,2022-11-25
theStreet,rating-box,2022-11-25
ford,rating-box,2022-10-21
cfra,,
newConstructs,rating-box,
marketEdge opinion,,
