,FULT,Rating Since
theStreet,rating-box,2020-11-11
researchTeam,rating-box,2022-11-11
newConstructs,rating-box,2022-11-26
ford,rating-box,2022-11-11
cfra,,
marketEdge opinion,,
